20.65
20.32
20.65
20.32
20.32
20.32
20.32
20.32
20.32
20.32
20.32
20.00
20.00
20.00
20.00
20.00
20.00
20.00
20.00
20.00
20.00
20.00
19.68
20.00
19.68
19.68
19.68
19.68
20.00
19.68
19.68
19.68
19.68
19.68
19.68
19.68
19.68
19.68
19.68
19.68
19.68
19.68
19.68
19.68
19.68
19.68
19.68
19.68
19.68
19.68
19.68
19.68
19.35
19.68
19.68
19.68
19.68
19.35
19.68
19.68
19.68
19.35
19.35
19.35
19.35
19.35
19.68
19.35
19.35
19.35
19.35
19.35
19.35
19.35
19.35
19.35
19.35
19.35
19.35
19.35
19.35
19.35
19.35
19.35
19.35
19.35
19.35
19.35
19.35
19.35
19.35
19.35
19.35
19.35
19.35
19.35
19.35
19.35
19.35
19.35
19.35
19.35
19.35
19.35
19.35
19.35
19.35
19.35
19.35
19.35
19.35
19.35
19.35
19.35
19.35
19.35
19.35
19.35
19.35
19.35
19.35
19.35
19.35
19.35
19.35
19.35
19.35
19.35
19.35
19.35
19.35
19.35
19.35
19.35
19.35
19.35
19.35
19.35
19.35
19.35
19.35
19.35
19.35
19.35
19.35
19.35
19.35
19.35
19.35
19.35
19.35
19.35
19.35
19.35
19.35
19.35
19.35
19.35
19.35
19.35
19.35
19.35
19.35
19.35
19.35
19.35
19.35
19.35
19.35
19.35
19.35
19.35
19.35
19.35
19.35
19.35
19.35
19.35
19.35
19.35
19.35
19.35
19.35
19.35
19.35
19.35
19.35
19.35
19.35
19.35
19.35
19.35
19.35
19.35
19.35
19.35
19.35
19.35
19.35
19.35
19.35
19.35
19.35
19.35
19.35
19.35
19.35
19.35
19.35
19.35
19.35
19.35
19.35
19.35
19.35
19.35
19.35
19.35
19.35
19.35
19.35
19.35
19.35
19.35
19.35
19.35
19.35
19.35
19.35
19.35
19.35
19.35
19.35
19.35
19.35
19.35
19.35
19.35
19.35
19.35
19.35
19.35
19.35
19.35
19.35
19.35
19.35
19.35
19.35
19.35
19.35
19.35
19.35
19.35
19.35
19.35
19.35
19.35
19.35
19.35
19.35
19.35
19.35
19.35
19.35
19.35
19.35
19.35
19.35
19.35
19.35
19.35
19.35
19.35
19.35
19.35
19.35
19.35
19.35
19.35
19.35
19.35
19.35
19.35
19.35
19.35
19.35
19.35
19.35
19.35
19.35
19.35
19.35
19.35
19.35
19.35
19.35
19.35
19.35
19.35
19.35
19.35
19.35
19.35
19.35
19.35
19.35
19.35
19.35
19.35
19.35
19.35
19.35
19.35
19.35
19.35
19.35
19.35
19.35
19.35
19.35
19.35
19.35
19.35
19.35
19.35
19.35
19.35
19.35
19.35
19.35
19.35
19.35
19.35
19.35
19.35
19.35
19.35
19.35
19.35
19.35
19.35
19.35
19.35
19.35
19.35
19.35
19.35
19.35
19.35
19.35
19.35
19.35
19.35
19.35
19.35
19.35
19.35
19.35
19.35
19.35
19.35
19.35
19.35
19.35
19.35
19.35
19.35
19.35
19.35
19.35
19.35
19.35
19.35
19.35
19.35
19.35
19.35
19.35
19.35
19.35
19.35
19.35
19.35
19.35
19.35
19.35
19.35
19.35
19.35
19.35
19.35
19.35
19.35
19.35
19.35
19.35
19.35
19.35
19.35
19.35
19.35
19.35
19.35
19.35
19.35
19.35
19.35
19.35
19.35
19.35
19.35
19.35
19.35
19.35
19.35
19.35
19.35
19.35
20.00
20.00
20.32
20.32
20.32
20.32
20.65
20.97
20.97
21.29
21.29
21.29
21.29
21.29
21.61
21.61
21.61
21.61
21.61
21.94
21.94
21.94
21.94
21.94
21.94
22.26
22.26
22.26
22.58
22.26
22.26
22.26
21.94
21.94
21.61
21.61
21.61
21.61
21.29
21.29
21.29
20.97
20.97
20.97
