18.40
17.85
19.33
19.12
19.10
18.76
19.28
18.58
18.97
18.73
18.57
18.97
18.92
18.97
17.89
19.00
18.89
19.22
19.11
19.05
19.10
19.19
18.86
19.08
19.33
18.41
19.35
18.27
18.75
18.72
18.63
18.85
19.28
18.88
18.71
18.99
19.01
19.15
18.48
18.32
19.20
19.04
19.06
19.19
18.80
19.20
19.29
19.37
19.23
18.86
18.81
19.26
19.72
20.32
20.60
20.51
20.46
20.69
20.78
20.62
20.63
20.54
20.56
20.34
20.46
20.43
20.28
20.27
20.08
20.04
20.05
19.91
19.98
19.92
19.91
19.91
19.75
19.79
19.34
19.35
19.70
19.32
19.65
19.73
19.35
19.75
19.56
19.76
19.36
19.34
19.53
19.53
19.66
19.46
19.54
19.51
19.59
19.54
19.58
19.07
19.14
19.15
19.39
18.93
18.90
19.49
19.45
19.49
19.40
19.31
19.39
19.22
18.92
19.18
19.52
19.45
19.28
17.85
19.23
19.06
19.19
19.37
18.80
19.39
18.96
19.52
19.05
18.92
18.78
19.30
18.96
19.08
19.16
19.04
19.10
19.24
19.44
19.34
19.19
19.19
18.93
18.91
19.32
19.37
19.19
19.16
18.85
19.11
18.90
19.17
19.29
19.33
19.15
18.98
18.73
18.64
18.54
19.02
19.28
19.26
19.23
19.33
19.32
19.25
19.12
19.22
18.91
18.99
19.32
19.29
19.11
19.09
19.06
19.00
18.79
19.32
18.90
18.67
19.18
19.30
19.11
18.35
18.56
19.36
19.25
19.35
19.09
18.46
19.14
19.17
19.27
19.42
19.29
19.17
19.23
19.32
18.33
19.25
19.36
19.30
19.41
18.76
18.86
18.75
18.98
19.26
18.85
18.84
19.43
19.04
18.70
18.90
18.97
19.01
19.24
18.83
18.37
18.91
19.00
19.14
19.06
19.11
18.89
19.24
19.27
19.06
18.49
18.48
19.24
17.92
19.13
18.81
19.02
19.25
18.22
18.72
18.12
18.82
18.64
18.82
19.14
18.74
17.94
19.04
19.33
19.13
18.97
18.44
18.92
19.23
19.22
19.35
18.68
19.01
18.83
17.86
18.61
18.48
18.91
18.98
18.41
19.24
18.68
19.32
18.75
19.05
18.16
18.34
19.09
19.10
19.11
18.99
19.11
18.13
18.74
18.79
18.96
19.44
18.66
19.14
18.62
19.26
18.85
19.04
19.14
18.59
18.47
19.35
18.59
19.26
19.28
19.36
19.38
18.88
18.76
18.87
19.27
18.52
19.16
18.97
19.09
19.20
19.23
19.31
19.10
19.16
19.27
19.30
19.08
19.22
18.50
18.77
18.90
18.71
18.16
19.33
19.05
19.28
18.98
19.26
19.32
18.11
19.35
18.68
19.38
19.03
19.41
19.05
19.09
19.14
19.27
18.77
19.32
18.53
18.86
18.70
18.78
19.06
19.12
19.22
19.32
19.07
18.81
19.03
19.36
18.81
19.40
18.85
19.20
18.92
18.61
19.35
18.78
19.22
19.40
19.26
18.35
18.75
18.84
19.23
18.86
18.83
18.89
19.43
19.07
19.27
18.50
18.94
19.23
18.73
18.50
19.33
18.92
18.74
19.03
18.82
19.35
19.38
18.45
18.91
18.37
18.96
19.21
18.72
18.45
19.17
18.50
18.84
18.69
19.38
19.06
18.90
19.39
18.66
18.64
18.72
19.13
18.58
18.62
19.21
18.85
18.47
18.91
18.77
18.60
19.31
18.77
18.65
18.97
19.02
19.14
18.42
19.00
18.68
18.87
18.94
18.98
18.72
19.32
19.07
18.88
19.36
18.48
19.10
19.00
18.65
18.85
19.20
18.84
19.27
18.55
18.85
19.01
18.41
19.15
19.39
19.12

